                                              dtag weightflow_weighted_raw_miniaod_events weightflow_weighted_miniaod_events weightflow_weight_passed_lumi weightflow_weight_passed_electron_trigger weightflow_weight_passed_muon_trigger       sl.....     slj....     sljm...    sljmb..  sljmbt.  sljmbto
                MC13TeV_DYJetsToLL_10to50_amcatnlo                               81019986                           81009330                      81009330                                  81009330                                     0   126743.4834  18338.9157   4114.5881   497.0924  -4.0160  -4.0160
               MC13TeV_DYJetsToLL_50toInf_amcatnlo                               26233841                           26227696                      26227696                                  26227696                                     0  1595472.0164 205098.7546  49584.9664  4873.6165  93.0240  76.6845
      MC13TeV_schannel_4FS_leptonicDecays_amcatnlo                                  14625                              14626                         14626                                     14626                                     0     1501.8317    910.4736    585.3450   449.2077   1.2434   0.8318
                  MC13TeV_SingleTbar_tW_5FS_powheg                                 155000                             154967                        154967                                    154967                                     0    12107.7683   9776.3761   6681.4594  4145.3457  73.7292  64.2394
                     MC13TeV_SingleT_tW_5FS_powheg                                 155019                             154967                        154967                                    154967                                     0    12045.3033   9753.2368   6659.5248  4174.2360  68.7729  60.3636
 MC13TeV_tchannel_antitop_4f_leptonicDecays_powheg                                 153824                             153857                        153857                                    153857                                     0    18514.5945   9357.5381   6008.5513  4137.4299  14.8438   9.5588
     MC13TeV_tchannel_top_4f_leptonicDecays_powheg                                 153900                             153857                        153857                                    153857                                     0    17524.9706   8552.9077   5580.4589  3879.5270  13.2955   7.7614
           MC13TeV_TTJets_powheg_scaledown_elelbar                                  21144                              21116                         21116                                     21116                                     0     5873.4250   4768.2329   3911.7331  2880.8460  11.0440   6.0515
           MC13TeV_TTJets_powheg_scaledown_elmubar                                  21116                              21116                         21116                                     21116                                     0     1745.2061   1357.4873   1126.9750   833.2414   2.4536   1.2304
            MC13TeV_TTJets_powheg_scaledown_elqbar                                 132245                             132168                        132168                                    132168                                     0    47706.2625  45062.6355  30743.3437 22170.6173 143.0533  96.9174
          MC13TeV_TTJets_powheg_scaledown_eltaubar                                  21120                              21116                         21116                                     21116                                     0     6958.3319   5471.6495   4424.0806  3346.7198 262.0993 254.6807
           MC13TeV_TTJets_powheg_scaledown_muelbar                                  21095                              21116                         21116                                     21116                                     0     1727.6129   1327.1413   1103.9980   811.5249   1.8960   0.8806
           MC13TeV_TTJets_powheg_scaledown_mumubar                                  21124                              21116                         21116                                     21116                                     0        0.0000      0.0000      0.0000     0.0000   0.0000   0.0000
            MC13TeV_TTJets_powheg_scaledown_muqbar                                 132241                             132168                        132168                                    132168                                     0        5.8334      5.3588      4.4137     2.5756   0.0000   0.0000
          MC13TeV_TTJets_powheg_scaledown_mutaubar                                  21151                              21116                         21116                                     21116                                     0       99.8135     78.2281     66.1233    50.7246   0.3779   0.1980
            MC13TeV_TTJets_powheg_scaledown_qelbar                                 132244                             132168                        132168                                    132168                                     0    47908.3148  45276.1200  30879.1244 22245.8263 147.8223 101.7760
            MC13TeV_TTJets_powheg_scaledown_qmubar                                 132147                             132168                        132168                                    132168                                     0        6.5634      6.1461      4.0540     1.7665   0.0000   0.0000
             MC13TeV_TTJets_powheg_scaledown_qqbar                                 827647                             827275                        827275                                    827275                                     0       85.0546     81.0435     28.9614    18.5215   0.0000   0.0000
           MC13TeV_TTJets_powheg_scaledown_qtaubar                                 132176                             132168                        132168                                    132168                                     0     2534.2641   2398.2728   1863.7628  1334.7979   7.6585   5.1682
          MC13TeV_TTJets_powheg_scaledown_tauelbar                                  21119                              21116                         21116                                     21116                                     0     6925.2954   5432.4738   4389.8890  3298.4931 248.4409 242.1047
          MC13TeV_TTJets_powheg_scaledown_taumubar                                  21097                              21116                         21116                                     21116                                     0      102.8163     78.2980     65.9698    46.8534   0.1845   0.0000
           MC13TeV_TTJets_powheg_scaledown_tauqbar                                 132224                             132168                        132168                                    132168                                     0     2543.7863   2420.2129   1883.3773  1338.4462   8.4344   6.5065
         MC13TeV_TTJets_powheg_scaledown_tautaubar                                  21108                              21116                         21116                                     21116                                     0      714.7376    562.5456    457.9508   337.2612  23.8804  23.4881
             MC13TeV_TTJets_powheg_scaleup_elelbar                                  21128                              21116                         21116                                     21116                                     0     5920.8410   4903.9739   4028.3047  3079.1432  17.7421  10.9267
             MC13TeV_TTJets_powheg_scaleup_elmubar                                  21088                              21116                         21116                                     21116                                     0     1687.2367   1330.6332   1119.1961   862.9180   4.4605   2.0711
              MC13TeV_TTJets_powheg_scaleup_elqbar                                 132187                             132168                        132168                                    132168                                     0    50004.5712  47757.4849  32875.5490 24729.2596 350.0625 253.8401
            MC13TeV_TTJets_powheg_scaleup_eltaubar                                  21096                              21116                         21116                                     21116                                     0     7164.8508   5741.0291   4672.2228  3672.8406 344.0112 335.1551
             MC13TeV_TTJets_powheg_scaleup_muelbar                                  21144                              21116                         21116                                     21116                                     0     1700.5123   1336.7962   1125.7434   860.8938   4.5474   2.7373
             MC13TeV_TTJets_powheg_scaleup_mumubar                                  21117                              21116                         21116                                     21116                                     0        0.1068      0.1068      0.1068     0.1068   0.0000   0.0000
              MC13TeV_TTJets_powheg_scaleup_muqbar                                 132147                             132168                        132168                                    132168                                     0        7.3277      6.5228      4.7344     3.0580   0.0000   0.0000
            MC13TeV_TTJets_powheg_scaleup_mutaubar                                  21144                              21116                         21116                                     21116                                     0       96.7255     77.0572     68.1278    49.9676   0.1969   0.1969
              MC13TeV_TTJets_powheg_scaleup_qelbar                                 132160                             132168                        132168                                    132168                                     0    49913.2667  47659.7209  32940.3124 24878.3599 361.0489 270.0016
              MC13TeV_TTJets_powheg_scaleup_qmubar                                 132240                             132168                        132168                                    132168                                     0        9.5823      8.3529      7.1737     5.1987   0.1988   0.0000
               MC13TeV_TTJets_powheg_scaleup_qqbar                                 827650                             827275                        827275                                    827275                                     0      194.5214    186.2541     75.7635    48.5021   0.6215   0.2061
             MC13TeV_TTJets_powheg_scaleup_qtaubar                                 132220                             132168                        132168                                    132168                                     0     2749.2888   2629.1295   2049.4111  1520.5658  22.1818  15.3996
            MC13TeV_TTJets_powheg_scaleup_tauelbar                                  21153                              21116                         21116                                     21116                                     0     7160.3961   5744.4451   4660.7457  3631.5783 343.4149 333.4319
            MC13TeV_TTJets_powheg_scaleup_taumubar                                  21112                              21116                         21116                                     21116                                     0       89.8145     69.4384     59.2791    42.7937   0.4152   0.2099
             MC13TeV_TTJets_powheg_scaleup_tauqbar                                 132231                             132168                        132168                                    132168                                     0     2761.7597   2641.7301   2088.9812  1533.6964  27.6158  19.5577
           MC13TeV_TTJets_powheg_scaleup_tautaubar                                  21100                              21116                         21116                                     21116                                     0      759.3484    603.7018    485.3212   379.9410  42.0153  40.4504
                           MC13TeV_W0Jets_amcatnlo                              206617556                          206537662                     206537662                                 206537662                                     0 12616684.9789  31888.9518  19118.6734  1297.1299   0.0000   0.0000
                           MC13TeV_W1Jets_madgraph                               41332359                           41323029                      41323029                                  41323029                                     0  3299524.5239  35340.5988  18376.1074  1257.0822   3.6880   3.0242
                           MC13TeV_W2Jets_madgraph                               13584712                           13581360                      13581360                                  13581360                                     0  1215454.0631 257943.7073 139540.3801  9891.3470   7.7552   3.4646
                           MC13TeV_W3Jets_madgrapg                                4102827                            4101832                       4101832                                   4101832                                     0   396693.4917 180146.5036 102509.9484  8494.1944  27.1553  19.9600
                           MC13TeV_W4Jets_madgraph                                2282408                            2281843                       2281843                                   2281843                                     0   234872.6721 174440.6754 108008.6983 12352.9301  73.5102  49.9870
                                        MC13TeV_WW                                 495861                             495763                        495763                                    495763                                     0    28706.7463  10110.0025   6211.6837   656.1680   5.9658   4.9152
                                        MC13TeV_WZ                                 205267                             205157                        205157                                    205157                                     0     8203.6534   3127.2906   1761.1366   328.3736   0.9765   0.4755
                                        MC13TeV_ZZ                                  71921                              71912                         71912                                     71912                                     0     1360.9830    663.5035    203.4578    39.5369   0.9225   0.8457
