                                              dtag weightflow_weighted_raw_miniaod_events weightflow_weighted_miniaod_events weightflow_weight_passed_lumi weightflow_weight_passed_electron_trigger weightflow_weight_passed_muon_trigger      sl.....    slj....    sljm...    sljmb..  sljmbt.  sljmbto
                MC13TeV_DYJetsToLL_10to50_amcatnlo                               81019986                           81009330                      81009330                                  81009330                                     0   254836.248  25316.640   5790.900   781.7535   4.8113   0.7049
               MC13TeV_DYJetsToLL_50toInf_amcatnlo                               26233841                           26227696                      26227696                                  26227696                                     0  2061012.922 156484.780  58905.784  6110.9580 109.1955 103.9826
      MC13TeV_schannel_4FS_leptonicDecays_amcatnlo                                  14625                              14626                         14626                                     14626                                     0     2615.255   1550.246   1017.776   786.3644   3.0134   1.9552
                  MC13TeV_SingleTbar_tW_5FS_powheg                                 155000                             154967                        154967                                    154967                                     0    18618.476  14996.916  10408.184  6540.2910 105.5885  90.4441
                     MC13TeV_SingleT_tW_5FS_powheg                                 155019                             154967                        154967                                    154967                                     0    18668.338  14964.783  10350.747  6449.4736 100.4611  86.0573
 MC13TeV_tchannel_antitop_4f_leptonicDecays_powheg                                 153824                             153857                        153857                                    153857                                     0    31116.466  15489.819  10247.849  7082.7224  28.4229  18.8275
     MC13TeV_tchannel_top_4f_leptonicDecays_powheg                                 153900                             153857                        153857                                    153857                                     0    29816.653  14235.303   9511.896  6624.2421  21.9434  13.6363
           MC13TeV_TTJets_powheg_scaledown_elelbar                                  21144                              21116                         21116                                     21116                                     0        1.592      1.232      1.037     0.6305   0.0000   0.0000
           MC13TeV_TTJets_powheg_scaledown_elmubar                                  21116                              21116                         21116                                     21116                                     0     4708.891   3796.410   3124.379  2321.0269   7.0616   3.6317
            MC13TeV_TTJets_powheg_scaledown_elqbar                                 132245                             132168                        132168                                    132168                                     0       29.935     25.018     20.146    11.1533   0.0000   0.0000
          MC13TeV_TTJets_powheg_scaledown_eltaubar                                  21120                              21116                         21116                                     21116                                     0      291.319    238.183    196.662   145.2380   0.0000   0.0000
           MC13TeV_TTJets_powheg_scaledown_muelbar                                  21095                              21116                         21116                                     21116                                     0     4695.000   3810.410   3117.502  2309.3868   7.9712   5.4689
           MC13TeV_TTJets_powheg_scaledown_mumubar                                  21124                              21116                         21116                                     21116                                     0     5466.991   4173.697   3470.718  2558.3823   7.0740   3.9817
            MC13TeV_TTJets_powheg_scaledown_muqbar                                 132241                             132168                        132168                                    132168                                     0    76774.249  72484.282  50276.975 36410.4322 238.7905 162.5383
          MC13TeV_TTJets_powheg_scaledown_mutaubar                                  21151                              21116                         21116                                     21116                                     0    10948.559   8546.405   6905.117  5260.1032 425.0433 416.7191
            MC13TeV_TTJets_powheg_scaledown_qelbar                                 132244                             132168                        132168                                    132168                                     0       31.035     26.249     20.090     9.8734   0.0000   0.0000
            MC13TeV_TTJets_powheg_scaledown_qmubar                                 132147                             132168                        132168                                    132168                                     0    76763.213  72436.436  50299.390 36442.6033 235.5063 167.8425
             MC13TeV_TTJets_powheg_scaledown_qqbar                                 827647                             827275                        827275                                    827275                                     0      436.443    407.477    182.684   110.2799   1.4868   0.4213
           MC13TeV_TTJets_powheg_scaledown_qtaubar                                 132176                             132168                        132168                                    132168                                     0     4919.187   4639.912   3602.630  2578.6930  18.1336  11.2567
          MC13TeV_TTJets_powheg_scaledown_tauelbar                                  21119                              21116                         21116                                     21116                                     0      303.915    245.738    207.249   152.5855   0.3355   0.3355
          MC13TeV_TTJets_powheg_scaledown_taumubar                                  21097                              21116                         21116                                     21116                                     0    11045.231   8633.892   7003.727  5281.9285 434.6113 427.8876
           MC13TeV_TTJets_powheg_scaledown_tauqbar                                 132224                             132168                        132168                                    132168                                     0     4941.172   4676.126   3647.117  2605.9582  17.0774  11.8462
         MC13TeV_TTJets_powheg_scaledown_tautaubar                                  21108                              21116                         21116                                     21116                                     0     1384.117   1082.402    880.331   653.8156  51.2014  49.9439
             MC13TeV_TTJets_powheg_scaleup_elelbar                                  21128                              21116                         21116                                     21116                                     0        4.113      2.894      2.347     0.9315   0.0000   0.0000
             MC13TeV_TTJets_powheg_scaleup_elmubar                                  21088                              21116                         21116                                     21116                                     0     4589.937   3761.773   3109.154  2397.9016  11.0784   7.4309
              MC13TeV_TTJets_powheg_scaleup_elqbar                                 132187                             132168                        132168                                    132168                                     0       65.321     54.891     43.619    24.3021   0.4474   0.4474
            MC13TeV_TTJets_powheg_scaleup_eltaubar                                  21096                              21116                         21116                                     21116                                     0      307.878    253.264    213.080   158.6210   0.8197   0.8197
             MC13TeV_TTJets_powheg_scaleup_muelbar                                  21144                              21116                         21116                                     21116                                     0     4580.090   3755.300   3111.101  2391.0709  12.7940   7.6940
             MC13TeV_TTJets_powheg_scaleup_mumubar                                  21117                              21116                         21116                                     21116                                     0     5325.495   4157.632   3460.676  2656.8788  12.7810   7.1797
              MC13TeV_TTJets_powheg_scaleup_muqbar                                 132147                             132168                        132168                                    132168                                     0    77670.534  74147.015  51971.463 39282.8714 573.7062 414.0711
            MC13TeV_TTJets_powheg_scaleup_mutaubar                                  21144                              21116                         21116                                     21116                                     0    11043.561   8803.418   7141.047  5596.3187 531.3942 517.6767
              MC13TeV_TTJets_powheg_scaleup_qelbar                                 132160                             132168                        132168                                    132168                                     0       61.832     52.236     39.412    24.3650   0.2151   0.2151
              MC13TeV_TTJets_powheg_scaleup_qmubar                                 132240                             132168                        132168                                    132168                                     0    77764.491  74176.908  51924.106 39221.0397 561.7109 414.7040
               MC13TeV_TTJets_powheg_scaleup_qqbar                                 827650                             827275                        827275                                    827275                                     0      994.444    945.315    432.123   248.4910   4.7804   2.4510
             MC13TeV_TTJets_powheg_scaleup_qtaubar                                 132220                             132168                        132168                                    132168                                     0     5144.024   4896.691   3840.691  2870.3863  40.4590  29.3471
            MC13TeV_TTJets_powheg_scaleup_tauelbar                                  21153                              21116                         21116                                     21116                                     0      310.201    254.347    210.059   158.0261   0.2822   0.2822
            MC13TeV_TTJets_powheg_scaleup_taumubar                                  21112                              21116                         21116                                     21116                                     0    11115.187   8839.025   7191.135  5669.7671 520.2200 508.2027
             MC13TeV_TTJets_powheg_scaleup_tauqbar                                 132231                             132168                        132168                                    132168                                     0     5070.230   4829.135   3798.629  2847.5031  41.7643  30.6157
           MC13TeV_TTJets_powheg_scaleup_tautaubar                                  21100                              21116                         21116                                     21116                                     0     1414.791   1119.835    924.643   715.3918  75.4483  72.7858
                           MC13TeV_W0Jets_amcatnlo                              206617556                          206537662                     206537662                                 206537662                                     0 26772641.221  75009.360  41709.528  2674.8428  45.4867  45.4867
                           MC13TeV_W1Jets_madgraph                               41332359                           41323029                      41323029                                  41323029                                     0  6212711.006  65830.216  35535.892  2335.0376   8.6580   6.4366
                           MC13TeV_W2Jets_madgraph                               13584712                           13581360                      13581360                                  13581360                                     0  2142682.347 432012.079 241409.595 17046.8696  17.4910  10.7336
                           MC13TeV_W3Jets_madgrapg                                4102827                            4101832                       4101832                                   4101832                                     0   670095.814 294687.352 172907.385 14279.8123  47.5069  30.2293
                           MC13TeV_W4Jets_madgraph                                2282408                            2281843                       2281843                                   2281843                                     0   380653.548 278008.053 175930.681 19809.7883 106.6820  73.0936
                                        MC13TeV_WW                                 495861                             495763                        495763                                    495763                                     0    48413.791  16213.331  10223.820  1158.3936  10.5511   7.0195
                                        MC13TeV_WZ                                 205267                             205157                        205157                                    205157                                     0    12950.699   4526.729   2838.096   547.6588   3.4846   1.7966
                                        MC13TeV_ZZ                                  71921                              71912                         71912                                     71912                                     0     1488.670    589.722    243.424    48.2346   1.2474   1.2010
