"pu"

[
0.00000776422656672442 0.0000325844072804129 0.000063981016312677 0.0000908919918972546 0.000130323189713772 0.000177844850545033 0.000224729607928753 0.000586393770978917 0.0015763658531794 0.00369444806595848
0.00848051536758348 0.016011294376922 0.0250677851687994 0.0349722458833906 0.0457553445674303 0.0557191638044119 0.0627913346635006 0.0668550862809778 0.0688238681552878 0.0699178102522219
0.0704533239444369 0.0696007710792223 0.0669323057231143 0.0628217829801154 0.0575222063882825 0.0510263562436761 0.0434918104322821 0.0353577152937306 0.0272404765943772 0.0198000066643179
0.013565572582359 0.00878543799397135 0.00540627126005321 0.00317871008453448 0.00179492512544117 0.00097854297696393 0.0005182994068217 0.00026857895065613 0.000137030922473997 0.0000691358849255467
0.0000345503640531813 0.0000170977970397966 0.00000837711665116165 0.00000407690403465416 0.000001994374155275 0.00000100837918824473 0.000000553487616022936 0.000000349110353499897 0.000000259125846997832 0.000000219289090160012
0.000000200505617810389 0.000000189887002816103 0.000000181964476392999 0.000000174525042333505 0.000000166742515386795 0.00000015837111171875 0.000000149406122826803 0.00000013994454386388 0.000000130125432605862 0.000000120102286236507
0.000000110028915839747 0.000000100050657194886 0.000000090299976174208 0.000000080893015841089 0.0000000719267713484565 0.0000000634784621384471 0.0000000556058458425774 0.0000000483475321819157 0.0000000417245524679382 0.0000000357413013030429
0.0000000303887383622969 0.0000000256460206743266 0.00000002148288826262 0.0000000178620497868282 0.0000000147413170639304 0.0000000120755826393126 0.00000000981851484769292 0.00000000792412731397785 0.00000000634781482382758 0.00000000504735780420403
0.00000000398358151373063 0.00000000312066052585843 0.00000000242653935509564 0.00000000187281317494253 0.000000001434721539888 0.00000000109095690630511 0.000000000823400956307206 0.000000000616851504598863 0.000000000458686625292648 0.000000000338544473734388
0.000000000248015036534969 0.000000000180345379309502 0.000000000130165297927615 0.0000000000932496960837888 0.0000000000663076443822538 0.0000000000467993765371298 0.0000000000327853033900364 0.0000000000227970941097459 0.0000000000157340577456416 0.0000000000107786099115903
]

