"pu"

[
0.00000730285332118436 0.0000202318000554611 0.0000607763863798148 0.0000676972547276466 0.000107006016547038 0.000142296857700054 0.000174454976333505 0.000254994823891106 0.000706610990192027 0.00164520667485891
0.00358147403399048 0.00765008955877379 0.0138323510841071 0.0212475492339239 0.0293167267522038 0.0381131165210924 0.0469880126930014 0.0541807184859177 0.0589582772782799 0.061642750523502
0.063005390649497 0.0638582570909456 0.0642663271586244 0.0635964644475271 0.061528804804604 0.0583157238717118 0.0541895076873754 0.0491561203525839 0.0432519742733763 0.0366974272862992
0.0298647648530964 0.0232059402687247 0.0171695794875892 0.0120944120558684 0.00813085887850978 0.00523786182870379 0.00324707630853034 0.00194468929752836 0.00112956933734002 0.000639200954012016
0.000354217374747249 0.000193236872048498 0.000104228628886406 0.0000557335820434614 0.0000295689140540293 0.0000155591780505028 0.00000811911901656272 0.00000421084363837196 0.00000218744704178993 0.00000115873693017749
0.000000646590161237522 0.000000397253071884756 0.000000278356521365663 0.000000222239981258688 0.000000195318657193764 0.000000181427324289874 0.000000172927224780126 0.000000166347251888832 0.00000016017126836454 0.000000153779635504482
0.000000146958273473153 0.000000139673594964983 0.000000131975510088249 0.000000123951283057425 0.000000115703559189533 0.000000107339378402326 0.0000000989645250133497 0.0000000906778775390022 0.0000000825704669943814 0.0000000747220239927105
0.0000000672003509452347 0.0000000600616359612728 0.0000000533491972480092 0.0000000470934831104938 0.0000000413142692520063 0.0000000360200309739524 0.000000031210140476228 0.000000026875431877313 0.0000000229997707145313 0.0000000195614351042805
0.0000000165343713422394 0.0000000138894181135717 0.0000000115955620931337 0.00000000962075408561015 0.00000000793297628569079 0.00000000650093285818518 0.00000000529448939809552 0.00000000428530073072073 0.00000000344709342170334 0.00000000275570344503573
0.00000000218938694411167 0.00000000172871036670807 0.00000000135653790898295 0.00000000105791537245615 0.00000000081993518698694 0.000000000631563765745382 0.000000000483462582182676 0.000000000367806108000952 0.000000000278086253420839 0.000000000208953533755119
]

