"ratio"
0.277900664962291
0.689544987307516
0.790691938095768
0.98316847239402
1.06338897949679
0.795038936402121
0.389383727929898
0.640857758459514
0.853574338703805
1.01384927073693
1.20886223248449
1.31386305956366
1.39594105760602
1.44388670629119
1.44389904030876
1.40530390053273
1.35434166843829
1.28784353615475
1.22556410087095
1.18490882634992
1.14883331543955
1.1189468839376
1.08980247487674
1.06277862438481
1.04208777249817
1.02444711489257
1.00234437724859
0.978242005577916
0.947214219454601
0.888569435643318
0.827813852061383
0.744658729062717
0.654359080980215
0.555613865239908
0.453723429151367
0.352117908916183
0.26013022040779
0.181421439434399
0.120195443026993
0.0736899278249815
0.0426142489282904
0.0235336399684275
0.0123032034480941
0.00626969228293814
0.00305549736106773
0.00141533671516891
0.000671162535383946
0.000327229382573921
0.00018326524259086
0.000129493342684334
0.000123025912937988
0.000141789068876457
0.000177262481490686
0.000249360033844942
0.000362176599312392
0.000504222199026327
0.000721197076612974
0.00104659008014035
0.00143421364835974
0.00225516689723617
0.00287770778079172
0.00327701783751517
0.00337475023550189
0.00354161848970807
0.00321435710158444
0.00277102233804643
0.00232006482443231
0.00200128771635486
0.0016752931177821
0.0013874364059947
0.00113903921640748
0.000928773253946156
0.000757846110769489
0.000606278528685703
