"ratio"
0.393191087222005
1.44531940563252
1.34113187396551
1.21366968356438
1.35376930269455
1.33998177478976
1.13741283966763
1.15865532517803
1.60558247469751
2.08990648207633
2.21306117701526
2.09206226416545
1.94179830020563
1.88898619762994
1.82269810820868
1.67142614174724
1.51896244089098
1.40366969752092
1.31130047776563
1.23706370559397
1.17339596087242
1.10838039058112
1.05681645316516
1.01212869133056
0.969525994615035
0.93508158309914
0.905705018353936
0.871084478952959
0.832159005125205
0.788484907133758
0.719950590468878
0.654266676377527
0.574007872920768
0.489091865398948
0.401937711325681
0.316554960402665
0.235164853966251
0.165308656298702
0.109305262144167
0.0686099328975427
0.039695173953096
0.0216483039991047
0.0112502678080043
0.00558011469539232
0.00269006152104776
0.0012508856315497
0.000564598289824033
0.000271308919402567
0.000146621823233334
0.000101571205179125
0.0000926361936939679
0.000104209656459149
0.000129637245208134
0.000164757389833862
0.000233838966595903
0.000334626542082486
0.000463307943175734
0.000649319945773816
0.000936232140650817
0.00127097761123398
0.00205190788432308
0.00252910089211926
0.00276016803564841
0.00282326224320385
0.0029744279709276
0.00278918610323861
0.00246059611077976
0.00199747772599994
0.00164726498112137
0.00129359435239098
0.00113151557410394
0.000954776461896774
0.000719640631354721
0.000590131960569644
0.000517005175555585
0
0
0
0
0
0
0
0
0
0
0
0
0
0
0
0
0
0
0
0
0
0
0
0
0
