0, 0.351377216124927, 0.717199649125846, 1.14121536968772, 0.84885826611733, 1.00700929402897, 1.03428595270903, 0.717444379696992, 0.344078389355127, 0.499570875027422,
0.606614916257104, 0.632584599390169, 0.731450949466174, 0.827511723989754, 0.910682115553867, 0.960170981598162, 0.988896170761361, 1.02468865580207, 1.05296667126403, 1.05112033565679,
1.0269129153969, 1.00548641752714, 0.998316130432865, 1.01492587998551, 1.03753749807849, 1.05742218946485, 1.08503978097083, 1.12134132247053, 1.15585339474274, 1.19214399856171,
1.23308400947467, 1.24528804633732, 1.26786364716917, 1.26101551498967, 1.23297806722714, 1.18042533075471, 1.10534683838101, 1.00275591661645, 0.889094305531985, 0.768791254270252,
0.655054015673457, 0.533361034358457, 0.423095146361996, 0.329177839117034, 0.250352385505809, 0.188377378855567, 0.137852651411779, 0.0968577167707531, 0.0686240187247059, 0.0473889635126706,
0.0323695027438475, 0.0216752397914914, 0.0145119352923332, 0.00961177893634792, 0.00615582219138384, 0.00430085627914427, 0.00305735512896403, 0.00223567790438986, 0.00189369737638594, 0.00199585978316291,
0.00236236592656064, 0.00372472999463276, 0.00474687312579969, 0.00549508151576102, 0.00603023110946686, 0.0068545111910253, 0.00695838760530896, 0.00666224781277046, 0.00588243140681038, 0.00528714370892014,
0.00453424615273565, 0.00433985030329723, 0.00401493171035719, 0.00332436608713241, 0.00300063798808221, 0.00289925128977536, 0, 0, 0, 0,
0, 0, 0, 0, 0, 0, 0, 0, 0, 0,
0, 0, 0, 0, 0, 0, 0, 0, 0, 0,
0, 0, 0
