"mc_pileup_average_norm"

[
0.0000181361853707851 0.0000251834395072763 0.0000524101138121502 0.0000885918705332137 0.000110734620827493 0.000142989100188599 0.00024377802097105 0.000719705405469332 0.00130384687111307 0.00243814487048112
0.00502286111472872 0.00921290762563555 0.0146744312393409 0.0204535034659742 0.0267515700163118 0.0337555198842521 0.0401372053508807 0.0450096202771385 0.0490538544836091 0.052504848074862
0.0548215848392339 0.0559753879440574 0.0554469610305764 0.0537679741695875 0.0512391392476586 0.0476914654388726 0.0435051779688265 0.039284454168414 0.0349916247884288 0.030700463579901
0.0272639648679511 0.0237111272264636 0.0208000109155453 0.0182570636182836 0.0160857460199702 0.0142424480544213 0.0127993900684885 0.0115750252354707 0.010550837164912 0.00957742275072699
0.00890275850093659 0.00828307680551582 0.00763392845912128 0.00696899032047765 0.00620832179272203 0.00547774058230865 0.00484018291418648 0.00407281641516267 0.00337344084578009 0.00270882266126294
0.00212764947735988 0.00160394561279288 0.00117547865865733 0.000861309171274856 0.00056599015594087 0.000367008772565391 0.000244203441549255 0.000159268930605085 0.000100152989282999 0.0000663474317634276
0.0000366576394538968 0.0000263122754715286 0.0000211559498880688 0.000018001240951283 0.0000147495496750255 0.0000134672233635421 0.0000129638514209533 0.0000134511074322115 0.0000136266778738473 0.0000143786270006445
0.0000135103388326586 0.0000130522703888516 0.0000140017744744706 0.0000136933854453648 0.0000124330202635978 0 0 0 0 0
0 0 0 0 0 0 0 0 0 0
0 0 0 0 0 0 0 0 0 0
]

