"pu"

[
0.00000749442837263457 0.0000256118178439173 0.0000626313628053225 0.0000783069074739587 0.000117214702969565 0.000159894981611917 0.000192447837595108 0.000370991343392484 0.00106052257413295 0.00241412365440704
0.00548443795119628 0.0112198264999493 0.0188226508653143 0.027394688965633 0.0367210416332255 0.0465829361728135 0.0550777642582709 0.060876661081231 0.0641647649380929 0.0657900456387777
0.0667513961754865 0.067217914547999 0.066464522847106 0.0641221373005022 0.0604978777949232 0.0558366178214177 0.0501346533584574 0.0434750737703297 0.0361726267169178 0.0287075731184049
0.0216305785550277 0.0154418617172052 0.0104567352850537 0.0067423016892636 0.00415960989849561 0.00246689842758496 0.00141255466360175 0.000784736512227669 0.000425394630442426 0.000226380661327753
0.000118893032792141 0.0000618326753157378 0.0000318812980460674 0.0000162916238968662 0.00000824961872126979 0.00000415058213077023 0.00000209477233522421 0.00000108434068816168 0.000000599139921639782 0.000000371762282110618
0.000000267436161509627 0.000000219769610699651 0.000000197251922127551 0.000000185274340714908 0.000000177276102634372 0.000000170429972199263 0.000000163580891102936 0.00000015630634977104 0.000000148501788070426 0.000000140201013045046
0.000000131498383073838 0.000000122513619666205 0.000000113374762684984 0.000000104208565002481 0.000000095134779518112 0.0000000862625179169037 0.0000000776875197383635 0.000000069490833995937 0.0000000617379402566446 0.0000000544786230810305
0.0000000477475370433952 0.0000000415650228721323 0.0000000359383316602341 0.0000000308632853969765 0.0000000263257805495396 0.0000000223036557687783 0.0000000187683932279245 0.0000000156868168222878 0.0000000130226585309021 0.0000000107379584111026
0.00000000879430136503734 0.00000000715382789808312 0.00000000578007223219208 0.00000000463858382814795 0.00000000369738881875646 0.00000000292726529925896 0.0000000023018983939964 0.00000000179790662402025 0.00000000139477692976563 0.00000000107472843839511
0.000000000822524437621152 0.000000000625251390014884 0.000000000472080368907662 0.000000000354023785790688 0.000000000263696010076224 0.000000000195087423784354 0.000000000143353763166053 0.000000000104626774145058 0.0000000000758455223882489 0.0000000000546097391651366
]

