"pu"
[
0.00000654007922974115 0.0000229382987403827 0.000063222299593687 0.0000855795455280032 0.000122592175728566 0.000164213675190545 0.000191737812950656 0.000353071489181575 0.000965734527559979 0.00215543863481568
0.00484612265384377 0.00986199097893975 0.0165083341375049 0.0240057719418802 0.0321660364798176 0.0407817679357744 0.0481844473465058 0.0532394881709309 0.0561219246278937 0.057557309295334
0.0584119396816624 0.0588586863844918 0.0583078393740696 0.0564910274548941 0.0537587024912006 0.0504444729667533 0.0466722130439418 0.0425746704709645 0.0383286596613492 0.034057397474833
0.0298202054758058 0.0256705388024836 0.0216921953267797 0.0179859285902812 0.0146377685551586 0.0116979824417635 0.00917774165642762 0.00705846096665095 0.0053063878812266 0.00388440944913669
0.00275714909387037 0.00189012471827646 0.0012472339741653 0.000790063546771414 0.000479456273827569 0.000278330426191856 0.000154405350234422 0.0000818145159343694 0.0000414101218839729 0.0000200434967772694
0.00000930691258269198 0.00000417785400207103 0.00000184605695744269 0.000000835039754646191 0.000000414980087261369 0.000000245828754545095 0.000000177914163028343 0.000000148846322601177 0.000000133924265171282 0.000000123838996697564
0.000000115259772926433 0.000000107079066276002 0.0000000989863286305668 0.0000000909466407867121 0.0000000830144767017654 0.0000000752676445772188 0.0000000677837061260697 0.0000000606311577622326 0.0000000538663631881612 0.0000000475324578904272
0.0000000416595408529937 0.0000000362652770846473 0.000000031356020511029 0.0000000269280518946299 0.0000000229691015859364 0.0000000194598174993539 0.0000000163753207294844 0.0000000136866625720066 0.0000000113621966429627 0.00000000936880858247094
0.00000000767297869401388 0.00000000624167478054134 0.0000000050430806549103 0.00000000404713841457324 0.0000000032259510394528 0.00000000255402258128605 0.00000000200839345842046 0.00000000156866346140678 0.00000000121693506064518 0.000000000937694544155692
0.000000000717647965791089 0.000000000545528336458867 0.000000000411887478281263 0.000000000308883770613716 0.000000000230073292127026 0.00000000017021268478682 0.000000000125075355599344 0.0000000000912862745447912 0.0000000000661747935583642 0.000000000047646691613913
]

