"type","dtag","weightflow_n_miniaod_events","weightflow_weighted_raw_miniaod_events","weightflow_weighted_miniaod_events","weightflow_weight_passed_lumi","weightflow_weight_passed_trig","weightflow_wjets_selection","weightflow_qcd_selection"
"Data","Data13TeV_JetHT2016D_PromptReco_v2",73727137,73727137,73727137,71560746,2298682,49312,1431985
"Data","Data13TeV_SingleMuon2016D_PromptRecoV2",97770240,97770240,97770240,96463366,65687912,14818540,21110626
"MC","MC2016_noHLT_DYJetsToLL_10to50_amcatnlo",30795641,22407123,22404176,22404176,1162261.47,47924.31,640480.29
"MC","MC2016_noHLT_DYJetsToLL_50toInf_amcatnlo",28513536,19100784,19096293,19096293,11834676.2,687632.21,4150262.3
"MC","MC2016_noHLT_QCD_HT-100-200",81804795,81804795,81787743,81787743,56276154,1858.99755,40846090
"MC","MC2016_noHLT_QCD_HT-1000-1500",4802824,4802824,4803013,4803013,4803013,450.05824,4799468
"MC","MC2016_noHLT_QCD_HT-1500-2000",3679621,3679621,3678505,3678505,3678505,319.7366,3678274
"MC","MC2016_noHLT_QCD_HT-200-300",18218681,18218681,18216601,18216601,18164924,1370.723,16558729
"MC","MC2016_noHLT_QCD_HT-2000-Inf",1918888,1918888,1918686,1918686,1918686,176.5756,1918632
"MC","MC2016_noHLT_QCD_HT-300-500",15664302,15664302,15660701,15660701,15660630,1460.57293,15070500
"MC","MC2016_noHLT_QCD_HT-500-700",19036501,19036501,19031733,19031733,19031733,1836.9216,18808561
"MC","MC2016_noHLT_QCD_HT-700-1000",15461484,15461484,15455870,15455870,15455870,1465.9361,15396546
"MC","MC2016_noHLT_WJets_amcatnlo",9865450,6747138,6743794,6743794,2933822.4,310171.05,783404
